 kill 966140857                                     
   966155532                                     
   966155544                                     
   966155552                                     
   966155572                                     
   966155589                                     
   966155779                                     
   966155782                                     
   966155820                                     
   966155962                                     
   966156081                                     
   966156346                                     
   966156367                                     
   966156410                                     
   966176110                                     
   966176111                                     
   966176113                                     
   966176114                                     
   966176120                                     
   966176122                                     
   966176124                                     
   966176131                                     
   966176132                                     
   966176133                                     
   966176135                                     
   966176139                                     
   966176144                                     
   966176145                                     
   966176146                                     
   966176147                                     
   966176148                                     
   966176149                                     
   966176150                                     
   966176151                                     
   966176152                                     
   966176153                                     
   966176154                                     
   966176155                                     
   966176156                                     
   966176157                                     
   966176158                                     
   966176161                                     
   966176162                                     
   966176163                                     
   966176165                                     
   966176168                                     
   966176170                                     
   966176172                                     
   966176174                                     
   966176176                                     
   966176178                                     
   966176180                                     
   966176181                                     
   966176182                                     
   966176184                                     
   966176186                                     
   966176187                                     
   966176189                                     
   966176190                                     
   966176191                                     
   966176192                                     
   966176193                                     
   966176194                                     
   966176195                                     
   966176196                                     
   966176197                                     
   966176198                                     
   966176201                                     
   966176202                                     
   966176207                                     
   966176208                                     
   966176210                                     
   966176211                                     
   966176213                                     
   966176214                                     
   966176217                                     
   966176219                                     
   966176221                                     
   966176224                                     
   966176225                                     
   966176228                                     
   966176229                                     
   966176230                                     
   966176232                                     
   966176233                                     
   966176236                                     
   966176237                                     
   966176238                                     
   966176239                                     
   966176241                                     
   966176244                                     
   966176248                                     
   966176249                                     
   966176253                                     
   966176254                                     
   966176255                                     
   966176257                                     
   966176258                                     
   966176259                                     
   966176260                                     
   966176261                                     
   966176262                                     
   966176263                                     
   966176266                                     
   966176267                                     
   966176268                                     
   966176269                                     
   966176270                                     
   966176271                                     
   966176272                                     
   966176273                                     
   966176276                                     
   966176278                                     
   966176279                                     
   966176282                                     
   966176283                                     
   966176284                                     
   966176285                                     
   966176290                                     
   966176291                                     
   966176293                                     
   966176294                                     
   966176295                                     
   966176296                                     
   966176297                                     
   966176299                                     
   966176300                                     
   966176301                                     
   966176302                                     
   966176303                                     
   966176304                                     
   966176305                                     
   966176306                                     
   966176307                                     
   966176308                                     
   966176311                                     
   966176313                                     
   966176316                                     
   966176317                                     
   966176318                                     
   966176319                                     
   966176320                                     
   966176322                                     
   966176323                                     
   966176324                                     
   966176327                                     
   966176328                                     
   966176329                                     
   966176330                                     
   966176331                                     
   966176334                                     
   966176335                                     
   966176336                                     
   966176337                                     
   966176338                                     
   966176341                                     
   966176342                                     
   966176343                                     
   966176344                                     
   966176346                                     
   966176348                                     
   966176349                                     
   966176350                                     
   966176351                                     
   966176352                                     
   966176357                                     
   966176358                                     
   966176359                                     
   966176361                                     
   966176362                                     
   966176363                                     
   966176364                                     
   966176365                                     
   966176366                                     
   966176367                                     
   966176369                                     
   966176372                                     
   966176374                                     
   966176375                                     
   966176376                                     
   966176377                                     
   966176378                                     
   966176380                                     
   966176384                                     
   966176385                                     
   966176386                                     
   966176387                                     
   966176391                                     
   966176392                                     
   966176394                                     
   966176395                                     
   966176397                                     
   966176398                                     
   966176399                                     
   966176400                                     
   966176401                                     
   966176402                                     
   966176403                                     
   966176407                                     
   966176408                                     
   966176410                                     
   966176411                                     
   966176415                                     
   966176417                                     
   966176422                                     
   966176423                                     
   966176424                                     
   966176425                                     
   966176426                                     
   966176428                                     
   966176430                                     
   966176431                                     
   966176432                                     
   966176433                                     
   966176435                                     
   966176437                                     
   966176438                                     
   966176439                                     
   966176440                                     
   966176441                                     
   966176442                                     
   966176443                                     
   966176446                                     
   966176447                                     
   966176448                                     
   966176450                                     
   966176451                                     
   966176453                                     
   966176454                                     
   966176455                                     
   966176456                                     
   966176458                                     
   966176459                                     
   966176460                                     
   966176462                                     
   966176463                                     
   966176464                                     
   966176465                                     
   966176466                                     
   966176467                                     
   966176469                                     
   966176470                                     
   966176472                                     
   966176473                                     
   966176475                                     
   966176476                                     
   966176478                                     
   966176479                                     
   966176480                                     
   966176481                                     
   966176483                                     
   966176485                                     
   966176486                                     
   966176488                                     
   966176489                                     
   966176491                                     
   966176492                                     
   966176493                                     
   966176494                                     
   966176495                                     
   966176496                                     
   966176497                                     
   966176498                                     
   966176500                                     
   966176501                                     
   966176502                                     
   966176503                                     
   966176504                                     
   966176509                                     
   966176510                                     
   966176511                                     
   966176512                                     
   966176514                                     
   966176515                                     
   966176516                                     
   966176517                                     
   966176523                                     
   966176524                                     
   966176525                                     
   966176526                                     
   966176529                                     
   966176530                                     
   966176531                                     
   966176532                                     
   966176534                                     
   966176535                                     
   966176536                                     
   966176537                                     
   966176538                                     
   966176540                                     
   966176541                                     
   966176543                                     
   966176545                                     
   966176546                                     
   966176547                                     
   966176548                                     
   966176549                                     
   966176551                                     
   966176554                                     
   966176555                                     
   966176556                                     
   966176557                                     
   966176558                                     
   966176562                                     
   966176564                                     
   966176565                                     
   966176566                                     
   966176568                                     
   966176569                                     
   966176570                                     
   966176572                                     
   966176573                                     
   966176574                                     
   966176576                                     
   966176577                                     
   966176578                                     
   966176580                                     
   966176583                                     
   966176585                                     
   966176586                                     
   966176587                                     
   966176589                                     
   966176590                                     
   966176591                                     
   966176592                                     
   966176595                                     
   966176596                                     
   966176598                                     
   966176599                                     
   966176600                                     
   966176602                                     
   966176604                                     
   966176605                                     
   966176606                                     
   966176607                                     
   966176608                                     
   966176609                                     
   966176611                                     
   966176613                                     
   966176614                                     
   966176616                                     
   966176617                                     
   966176618                                     
   966176619                                     
   966176620                                     
   966176623                                     
   966176624                                     
   966176625                                     
   966176626                                     
   966176627                                     
   966176628                                     
   966176630                                     
   966176633                                     
   966176634                                     
   966176635                                     
   966176636                                     
   966176638                                     
   966176640                                     
   966176641                                     
   966176642                                     
   966176645                                     
   966176647                                     
   966176648                                     
   966176649                                     
   966176650                                     
   966176651                                     
   966176653                                     
   966176657                                     
   966176658                                     
   966176659                                     
   966176660                                     
   966176661                                     
   966176662                                     
   966176663                                     
   966176664                                     
   966176665                                     
   966176667                                     
   966176668                                     
   966176669                                     
   966176670                                     
   966176671                                     
   966176673                                     
   966176676                                     
   966176677                                     
   966176679                                     
   966176684                                     
   966176685                                     
   966176687                                     
   966176689                                     
   966176690                                     
   966176691                                     
   966176693                                     
   966176694                                     
   966176695                                     
   966176696                                     
   966176697                                     
   966176701                                     
   966176703                                     
   966176704                                     
   966176705                                     
   966176708                                     
   966176710                                     
   966176712                                     
   966176714                                     
   966176715                                     
   966176717                                     
   966176718                                     
   966176719                                     
   966176722                                     
   966176724                                     
   966176725                                     
   966176726                                     
   966176727                                     
   966176728                                     
   966176731                                     
   966176732                                     
   966176733                                     
   966176734                                     
   966176736                                     
   966176738                                     
   966176740                                     
   966176741                                     
   966176742                                     
   966176743                                     
   966176745                                     
   966176747                                     
   966176748                                     
   966176749                                     
   966176752                                     
   966176755                                     
   966176757                                     
   966176758                                     
   966176762                                     
   966176763                                     
   966176764                                     
   966176766                                     
   966176767                                     
   966176768                                     
   966176769                                     
   966176770                                     
   966176772                                     
   966176773                                     
   966176774                                     
   966176775                                     
   966176776                                     
   966176780                                     
   966176781                                     
   966176782                                     
   966176784                                     
   966176785                                     
   966176786                                     
   966176788                                     
   966176789                                     
   966176792                                     
   966176794                                     
   966176795                                     
   966176796                                     
   966176798                                     
   966176800                                     
   966176803                                     
   966176804                                     
   966176806                                     
   966176807                                     
   966176808                                     
   966176809                                     
   966176811                                     
   966176812                                     
   966176814                                     
   966176816                                     
   966176819                                     
   966176820                                     
   966176822                                     
   966176823                                     
   966176824                                     
   966176825                                     
   966176826                                     
   966176829                                     
   966176831                                     
   966176832                                     
   966176833                                     
   966176834                                     
   966176835                                     
   966176836                                     
   966176837                                     
   966176840                                     
   966176841                                     
   966176842                                     
   966176843                                     
   966176844                                     
   966176845                                     
   966176846                                     
   966176847                                     
   966176848                                     
   966176849                                     
   966176850                                     
   966176851                                     
   966176853                                     
   966176855                                     
   966176856                                     
   966176858                                     
   966176859                                     
   966176862                                     
   966176864                                     
   966176865                                     
   966176868                                     
   966176869                                     
   966176871                                     
   966176872                                     
   966176874                                     
   966176875                                     
   966176876                                     
   966176877                                     
   966176878                                     
   966176879                                     
   966176883                                     
   966176885                                     
   966176886                                     
   966176889                                     
   966176890                                     
   966176894                                     
   966176895                                     
   966176896                                     
   966176897                                     
   966176899                                     
   966176900                                     
   966176901                                     
   966176904                                     
   966176905                                     
   966176907                                     
   966176908                                     
   966176910                                     
   966176912                                     
   966176914                                     
   966176915                                     
   966176917                                     
   966176919                                     
   966176920                                     
   966176921                                     
   966176922                                     
   966176923                                     
   966176924                                     
   966176925                                     
   966176926                                     
   966176927                                     
   966176928                                     
   966176929                                     
   966176932                                     
   966176933                                     
   966176934                                     
   966176936                                     
   966176938                                     
   966176939                                     
   966176940                                     
   966176942                                     
   966176944                                     
   966176945                                     
   966176946                                     
   966176950                                     
   966176951                                     
   966176953                                     
   966176955                                     
   966176956                                     
   966176957                                     
   966176958                                     
   966176961                                     
   966176963                                     
   966176965                                     
   966176967                                     
   966176968                                     
   966176970                                     
   966176971                                     
   966176972                                     
   966176975                                     
   966176977                                     
   966176978                                     
   966176980                                     
   966176981                                     
   966176982                                     
   966176983                                     
   966176984                                     
   966176986                                     
   966176988                                     
   966176989                                     
   966176990                                     
   966176991                                     
   966176995                                     
   966176996                                     
   966176997                                     
   966176998                                     
   966177001                                     
   966177002                                     
   966177003                                     
   966177004                                     
   966177005                                     
   966177006                                     
   966177008                                     
   966177009                                     
   966177010                                     
   966177011                                     
   966177012                                     
   966177013                                     
   966177015                                     
   966177017                                     
   966177018                                     
   966177020                                     
   966177023                                     
   966177025                                     
   966177027                                     
   966177028                                     
   966177029                                     
   966177031                                     
   966177032                                     
   966177035                                     
   966177038                                     
   966177040                                     
   966177042                                     
   966177046                                     
   966177049                                     
   966177050                                     
   966177054                                     
   966177056                                     
   966177057                                     
   966177059                                     
   966177060                                     
   966177061                                     
   966177065                                     
   966177066                                     
   966177067                                     
   966177068                                     
   966177070                                     
   966177071                                     
   966177072                                     
   966177077                                     
   966177078                                     
   966177080                                     
   966177082                                     
   966177083                                     
   966177085                                     
   966177086                                     
   966177088                                     
   966177089                                     
   966177090                                     
   966177091                                     
   966177092                                     
   966177093                                     
   966177096                                     
   966177098                                     
   966177099                                     
   966177100                                     
   966177103                                     
   966177104                                     
   966177108                                     

